<?xml version="1.0" encoding="utf-8"?>
<opencv_storage>
   <camera-matrix type_id="opencv-matrix">
      <rows>3</rows>
      <cols>3</cols>
      <dt>d</dt>
      <data>725.3659997549185618 0.0000000000000000 971.1453715396846746 
0.0000000000000000 729.3255238730149586 536.6650278309309670 
0.0000000000000000 0.0000000000000000 1.0000000000000000 
</data>
   </camera-matrix>
   <distortion type_id="opencv-matrix">
      <rows>5</rows>
      <cols>1</cols>
      <dt>d</dt>
      <data>0.0198183715389069 -0.0608916581722008 0.0000000000000000 0.0000000000000000 0.0103007088961254 </data>
   </distortion>
</opencv_storage>